138,138
113,113
127,127
33,130
101,15
134,133
59,59
134,79
105,105
123,52
40,41
122,71
58,58
133,141
31,37
36,36
17,5
56,56
114,33
134,130
46,20
45,121
119,119
68,68
88,88
28,28
135,135
26,26
14,14
87,87
55,67
121,61
123,122
1,1
77,95
0,0
143,143
150,22
100,100
75,75
145,144
28,28
22,59
123,123
17,66
98,98
17,5
126,49
46,46
128,150
141,142
136,139
104,104
45,56
94,97
52,114
109,65
39,39
32,32
17,17
146,146
49,49
133,138
123,123
146,146
150,150
106,106
8,9
130,5
64,65
150,150
114,114
148,79
73,73
13,13
7,7
144,65
12,12
46,6
144,47
128,71
125,42
57,57
144,144
3,123
5,0
123,149
93,97
49,124
4,4
135,96
146,146
133,45
117,117
63,63
123,59
22,22
142,24
151,151
11,11
136,138
57,57
117,26
41,43
69,116
110,110
85,85
145,145
123,32
120,120
148,148
6,52
74,86
8,8
48,25
126,144
117,117
48,28
4,50
151,154
127,127
140,140
37,37
150,128
140,150
138,136
103,103
150,18
46,46
126,137
84,75
31,43
19,19
9,9
40,65
102,102
124,48
129,129
57,150
14,14
47,104
120,120
77,74
77,76
109,103
57,57
34,34
46,46
36,62
123,124
135,78
90,90
60,60
42,139
66,66
25,25
120,120
5,5
138,27
54,123
140,127
133,62
128,141
33,0
29,4
21,21
48,112
112,112
36,36
18,18
112,112
130,98
92,92
43,34
110,110
11,11
115,115
66,94
116,116
103,109
45,62
71,71
102,102
117,149
89,148
122,137
0,0
137,136
109,109
128,110
85,85
73,73
142,97
17,17
73,129
126,121
54,54
20,72
56,56
143,110
87,87
104,104
24,64
115,115
125,24
133,47
68,14
143,73
128,151
133,143
11,11
132,131
7,7
108,38
110,53
47,47
11,114
125,25
64,31
63,63
33,33
133,70
39,112
131,75
140,18
142,142
26,115
2,37
72,72
133,28
46,9
47,153
3,3
123,5
1,1
2,65
64,64
56,56
61,152
95,95
103,103
94,94
118,18
19,19
60,121
112,112
142,142
39,28
72,72
64,64
128,72
109,109
108,112
95,146
64,6
21,21
143,149
133,48
94,94
113,113
83,98
118,100
150,36
41,40
71,140
77,74
13,13
6,60
60,60
95,95
42,42
69,69
66,66
140,31
41,116
150,138
27,27
26,116
89,66
112,119
12,12
102,118
47,144
131,131
94,95
152,152
54,44
105,105
116,116
82,90
83,83
18,51
99,99
123,35
88,83
19,117
115,115
100,100
87,146
133,130
128,100
12,106
62,62
106,72
78,78
128,54
122,122
133,93
16,16
45,34
108,108
55,55
84,74
36,36
141,141
116,26
24,24
77,98
1,1
77,77
148,86
69,69
59,59
83,83
59,59
146,97
32,32
140,105
8,8
58,58
131,82
34,34
80,90
131,131
40,43
55,110
97,67
35,56
141,141
54,54
126,37
99,5
78,86
115,115
49,61
8,8
88,88
126,126
80,74
52,35
149,149
83,83
107,107
114,114
130,146
77,146
17,0
129,129
132,132
143,114
147,51
144,144
2,2
61,61
6,6
151,147
12,11
21,143
113,113
23,23
3,3
9,70
113,113
127,10
80,80
53,53
70,67
17,141
137,45
122,124
52,52
9,1
95,95
93,93
53,53
135,135
66,21
149,41
97,77
51,141
35,31
123,20
148,148
28,28
129,129
153,145
52,52
123,49
16,145
66,67
111,111
40,38
44,44
67,37
82,96
76,76
90,90
106,111
147,147
119,119
9,9
102,102
5,108
121,121
47,58
134,97
45,45
124,101
27,20
20,22
106,106
146,135
100,32
72,72
129,138
31,24
151,151
32,32
4,4
133,107
49,71
59,59
17,52
151,128
70,50
115,116
70,70
124,142
47,11
43,118
54,54
22,12
34,34
133,99
33,33
110,110
136,61
88,88
62,70
128,46
43,41
72,139
53,53
68,68
133,35
49,57
57,57
152,20
31,31
133,23
24,64
37,30
32,32
27,0
85,97
130,95
14,145
145,144
39,39
88,75
36,62
66,121
36,36
38,38
140,15
48,28
112,112
60,60
134,92
92,135
71,151
140,12
126,126
133,150
33,33
49,49
31,118
17,59
135,135
10,25
122,127
133,46
90,90
20,3
24,37
140,154
23,22
42,42
78,132
23,21
48,24
49,121
120,113
140,2
135,135
116,115
24,149
123,40
144,30
59,109
133,81
12,12
100,100
115,115
19,19
127,39
58,58
39,151
32,100
28,33
31,36
133,91
88,88
86,76
55,110
3,63
84,131
22,22
1,11
138,69
28,28
29,29
41,41
20,41
83,148
93,93
123,123
133,148
67,20
101,101
140,140
133,111
127,127
102,109
18,125
57,42
90,90
95,95
31,35
94,94
123,123
149,149
133,101
22,22
99,99
49,138
90,91
92,92
32,32
48,9
86,88
61,61
27,27
36,36
128,46
24,66
66,33
80,90
66,109
112,70
49,49
79,79
84,88
80,80
37,115
102,102
39,39
3,37
142,142
26,26
133,36
44,44
142,123
125,125
17,45
80,96
145,145
76,42
122,0
62,121
113,113
64,140
133,130
67,67
91,91
56,56
48,48
94,94
100,100
33,48
55,110
133,134
29,29
27,27
133,1
10,10
25,11
128,114
4,4
52,43
23,51
65,67
151,151
48,32
12,12
136,105
149,64
104,104
79,79
130,95
41,38
46,31
139,139
87,87
46,127
133,146
141,141
127,127
111,111
68,63
69,69
26,103
47,10
128,128
13,13
138,138
14,14
55,55
123,121
33,33
133,135
7,7
17,63
152,152
26,143
133,13
126,126
0,0
96,85
96,96
144,144
133,26
23,124
14,15
54,54
133,132
134,76
71,71
110,73
149,149
6,54
7,92
61,20
146,81
51,113
40,68
116,116
77,98
123,112
51,52
8,4
95,146
129,73
133,108
105,105
102,34
14,145
102,18
28,28
81,81
11,11
100,100
144,19
51,51
75,94
10,10
16,16
139,129
143,39
32,50
83,83
143,143
20,147
98,93
79,38
105,106
133,133
73,58
28,54
133,7
56,56
96,96
66,123
51,137
81,97
88,80
37,37
93,86
47,45
30,108
48,28
100,154
1,1
35,35
37,27
133,6
133,85
96,96
65,41
141,141
33,33
8,29
6,11
123,118
133,93
8,48
123,45
6,6
145,67
53,53
59,59
93,93
90,90
4,4
108,3
35,18
137,137
135,96
88,88
4,4
108,21
119,119
75,75
108,59
35,35
66,71
52,51
104,104
23,23
49,52
108,39
141,129
108,108
117,117
54,142
2,37
25,25
14,14
111,111
48,25
31,31
122,71
95,81
28,28
128,128
121,50
23,103
118,24
118,118
148,130
133,133
108,48
6,6
70,152
95,79
48,48
6,7
80,75
97,97
144,35
123,121
51,51
92,92
134,84
59,59
147,22
110,113
68,68
141,4
76,28
128,58
72,66
99,105
133,57
85,85
123,4
18,126
144,144
108,59
59,113
127,127
46,64
104,106
92,92
141,68
132,132
106,106
143,139
125,45
133,109
149,149
76,76
108,108
58,109
143,149
7,40
89,89
123,100
109,103
126,126
94,89
101,101
72,72
21,77
55,110
33,63
66,66
133,115
0,0
114,114
102,102
88,88
101,101
85,131
139,139
11,11
141,71
136,20
128,124
110,110
124,124
51,52
120,119
3,66
12,42
89,80
52,9
53,9
103,103
139,118
144,144
94,94
137,137
83,134
133,25
146,146
71,35
84,88
105,105
32,32
49,41
20,20
61,61
8,127
47,62
34,15
133,79
2,48
133,10
110,110
54,54
74,74
76,76
58,58
133,30
115,115
120,120
132,132
133,146
142,61
64,42
10,10
95,95
133,134
128,126
26,26
61,60
132,93
89,89
151,151
20,20
55,55
98,90
12,12
92,89
37,47
27,9
137,137
25,10
84,80
107,21
15,15
31,40
47,47
129,44
129,153
70,70
144,16
133,103
63,29
33,13
101,111
104,99
141,52
66,152
54,71
99,109
15,2
142,20
20,29
61,60
59,59
134,89
123,9
76,76
47,29
44,44
32,17
54,136
63,63
61,22
151,46
49,40
107,117
96,96
109,109
117,117
32,154
137,137
143,73
109,9
147,139
95,95
83,83
118,66
77,146
95,95
11,11
60,60
77,81
71,71
96,81
126,126
74,87
23,23
67,30
23,23
31,31
13,13
47,30
78,74
151,151
108,109
38,29
14,145
123,122
30,30
47,47
75,75
48,10
151,73
75,133
126,141
120,99
117,12
10,9
23,23
108,108
87,87
20,20
58,100
84,106
93,96
94,94
80,80
145,145
89,80
142,55
106,106
78,76
91,91
122,151
107,107
121,102
122,123
12,140
94,94
88,88
46,26
133,80
101,143
45,45
75,75
57,10
77,77
72,30
105,113
102,15
130,87
44,53
22,145
20,20
127,46
115,115
141,44
115,115
143,143
125,65
121,121
57,57
36,36
5,72
83,74
66,66
128,101
109,58
128,128
46,122
32,32
108,108
123,103
22,22
55,101
0,0
112,112
49,22
110,110
58,58
93,131
6,11
128,54
48,8
117,105
3,3
119,119
47,125
74,86
136,62
150,24
134,82
2,2
38,41
55,110
45,65
136,47
146,146
65,62
133,152
133,39
11,11
70,36
139,139
118,102
18,0
46,46
38,38
23,23
71,129
133,116
24,29
85,85
139,17
1,150
142,68
123,36
48,28
21,21
10,127
129,129
126,10
47,115
31,21
133,24
94,94
103,103
42,42
46,46
3,3
6,2
133,122
17,66
128,109
17,149
62,70
123,69
149,152
40,40
13,13
144,144
41,105
4,52
83,83
17,54
19,19
2,55
152,60
95,95
123,26
119,113
145,152
133,22
63,4
133,17
150,38
11,11
45,45
151,151
148,148
54,54
52,137
58,23
49,49
129,129
3,3
133,84
123,153
78,98
65,65
62,62
119,119
102,18
47,5
49,49
109,109
142,68
13,14
18,18
105,105
99,99
136,136
54,54
127,68
145,110
100,100
68,68
103,104
146,135
77,77
31,72
150,150
30,30
62,62
70,58
23,23
101,101
125,125
2,31
140,5
96,96
28,28
22,22
53,53
125,125
54,49
47,49
88,93
106,143
105,105
139,138
113,117
68,99
94,94
74,74
5,17
41,41
45,21
32,28
47,47
22,17
58,103
60,60
30,38
46,46
107,107
30,16
4,4
77,77
133,12
86,74
75,85
33,33
15,145
135,135
94,94
133,71
26,1
47,62
68,71
66,121
133,147
113,113
6,29
133,105
35,35
111,111
128,127
48,129
36,36
47,12
138,138
35,34
31,125
1,1
154,154
25,25
86,86
150,150
80,82
59,59
13,136
87,78
32,32
130,94
150,11
45,38
99,73
26,149
93,132
137,126
47,15
128,106
53,29
96,96
9,9
140,23
65,65
133,32
8,57
18,18
52,126
8,17
145,154
101,101
148,148
152,152
122,122
31,41
31,27
78,78
28,105
92,92
35,100
130,75
133,16
106,106
62,68
35,5
6,6
123,60
84,84
142,62
14,16
136,4
62,151
55,110
88,133
100,100
57,57
28,154
133,148
56,56
23,42
0,64
83,83
133,22
87,86
37,39
133,133
32,32
16,16
133,120
85,85
105,105
93,81
148,98
71,71
5,27
123,57
74,82
71,137
146,74
140,43
128,152
50,50
103,103
129,129
16,147
29,50
91,91
44,45
42,42
125,36
102,72
77,131
148,53
26,52
4,4
91,91
13,13
57,57
133,3
144,19
18,18
47,96
132,132
9,9
80,80
109,109
95,130
44,44
142,142
138,138
8,8
4,51
5,36
28,153
144,144
127,141
75,86
5,5
96,80
136,145
144,34
97,89
5,111
137,137
123,142
34,13
28,28
108,108
138,138
69,69
9,9
148,148
128,123
134,134
113,113
16,16
118,118
116,116
50,56
78,78
58,107
11,11
150,21
58,58
5,140
44,44
110,55
4,52
66,152
51,3
147,147
59,59
127,53
71,140
37,37
149,99
66,66
89,89
29,29
14,14
34,34
142,34
6,11
123,95
1,1
58,58
120,113
63,71
82,94
104,104
93,131
39,42
102,33
133,11
103,103
47,6
118,109
127,39
68,34
143,105
6,141
77,77
132,132
14,145
123,31
47,142
2,2
22,22
133,34
52,9
72,72
115,115
19,19
63,153
70,70
96,82
138,138
26,21
33,41
18,18
59,59
59,59
47,135
72,72
47,144
42,24
41,26
114,143
93,93
77,91
108,108
21,21
96,135
31,31
33,40
35,35
127,127
6,32
133,116
123,53
21,21
5,5
115,115
31,31
99,120
136,136
23,32
125,125
124,121
123,152
104,24
28,8
84,74
64,36
100,100
148,148
61,61
112,112
143,143
83,83
84,85
95,95
7,52
66,121
123,4
10,10
117,19
100,43
60,141
149,149
78,78
112,112
109,109
42,8
81,81
19,19
0,0
106,106
126,137
95,88
146,146
32,32
20,60
42,32
50,21
127,40
88,137
133,133
49,18
47,47
67,67
46,6
21,21
15,50
85,85
16,16
55,55
14,14
29,29
81,80
107,107
133,106
10,25
10,10
32,32
108,108
8,22
3,5
115,115
47,124
82,82
134,75
8,62
72,38
9,9
33,33
154,154
22,22
84,84
111,111
8,8
56,56
128,53
129,39
142,142
133,102
83,83
128,71
121,141
6,31
134,87
136,104
53,43
90,90
77,77
136,0
1,1
104,104
104,104
10,25
136,137
30,41
147,10
105,105
47,139
149,118
74,79
134,134
51,49
9,9
84,85
56,32
48,10
6,6
48,48
59,89
88,88
78,90
145,145
144,71
28,129
123,122
94,133
12,12
93,93
23,39
121,5
8,77
114,114
144,15
98,98
32,32
110,55
30,30
48,48
124,53
49,49
30,3
93,130
43,138
66,66
47,70
30,30
142,151
125,34
152,152
81,75
56,56
2,2
148,85
96,82
98,98
66,141
51,49
123,34
136,52
11,11
107,107
10,9
134,89
47,59
29,121
132,132
22,64
128,151
46,46
13,13
47,121
124,25
68,68
27,27
73,73
127,11
62,65
145,24
24,24
69,69
103,109
134,134
99,99
91,91
8,47
133,80
13,15
27,27
4,4
126,126
3,24
133,134
30,150
150,28
84,84
123,14
69,52
84,84
11,11
46,46
7,7
77,76
57,25
68,68
75,85
44,44
82,82
133,133
27,27
128,69
148,148
117,117
9,57
58,58
82,86
121,24
133,124
129,129
150,68
34,34
76,76
15,15
49,50
117,26
47,136
58,58
6,33
54,6
133,94
123,50
109,21
95,95
128,105
98,98
2,113
130,47
79,79
88,88
145,145
47,72
72,72
84,86
112,112
99,73
67,63
143,79
58,103
60,60
14,35
134,96
70,70
123,22
112,119
133,27
79,79
52,49
148,97
131,74
133,148
128,15
41,41
146,146
23,17
4,3
59,23
123,124
101,70
49,49
123,145
78,86
122,122
119,120
54,29
26,26
123,42
133,2
6,46
92,92
111,55
122,136
49,107
104,104
114,0
79,79
75,97
11,11
73,117
91,91
95,130
50,51
111,111
151,137
134,134
30,5
133,108
121,5
133,0
5,149
70,29
11,73
34,70
38,40
141,6
126,126
60,20
100,33
12,12
139,63
119,119
99,99
151,151
125,15
133,28
87,87
112,125
4,4
19,19
71,58
136,56
85,85
104,104
85,85
4,4
76,89
40,40
4,111
86,81
120,120
99,99
128,46
106,106
48,48
14,14
133,118
53,123
6,122
99,56
35,35
67,67
66,32
109,109
10,10
57,135
126,126
60,60
46,22
146,93
39,70
150,31
128,127
117,31
123,7
49,4
99,99
34,34
114,55
69,69
139,145
93,76
126,58
89,97
66,20
19,41
18,124
31,39
143,6
47,144
75,133
120,120
89,75
140,140
131,131
99,99
50,107
102,102
26,89
115,115
80,90
85,85
123,29
114,114
151,54
47,24
55,55
126,16
69,69
18,21
108,108
50,50
64,62
33,33
68,68
151,52
91,91
150,126
142,142
5,50
34,34
22,153
148,148
121,23
89,20
10,10
133,68
123,57
27,38
47,68
81,81
94,94
52,72
109,56
107,58
102,101
46,10
107,107
129,101
1,1
103,103
104,73
72,72
98,98
133,70
80,80
46,12
31,31
6,72
118,118
47,47
11,11
144,2
73,139
85,85
125,64
40,40
122,124
70,70
119,119
8,98
127,4
33,33
133,65
139,139
128,12
14,14
120,120
72,38
133,78
123,117
12,12
133,114
140,140
133,137
7,58
66,66
27,27
136,51
33,33
143,28
54,54
141,127
121,62
93,93
42,126
133,3
133,140
80,80
4,6
54,50
89,83
133,91
128,38
6,3
36,36
48,48
109,109
115,39
70,39
84,84
57,57
127,70
142,142
112,112
62,62
40,40
150,23
141,127
136,126
138,138
30,45
115,115
47,150
113,143
139,147
43,40
39,30
16,16
9,3
74,86
89,84
128,72
18,18
71,71
26,26
50,50
52,150
45,45
38,38
133,116
144,63
29,32
128,122
22,22
22,22
128,34
22,22
137,137
133,133
25,25
12,12
139,73
44,44
124,124
82,96
133,76
128,0
16,16
28,153
21,3
128,6
119,119
66,22
142,71
128,55
130,74
47,34
140,19
68,62
60,61
133,33
17,149
123,40
23,150
81,81
116,116
75,75
48,48
75,75
134,82
65,138
25,109
41,129
11,11
47,37
23,69
130,77
119,40
97,126
26,39
140,5
80,80
27,27
94,94
110,110
133,77
4,4
66,63
43,38
135,80
77,77
55,55
34,35
